73211777327441658520
17806871416267799042
14000867496597141436
50150682008601302090
98325325620610834159
20501629511806445314
99216372950258844006
22505038781393974232
12012673469347382304
63273871925931624062
34941534079318554985
86109477779184389778
73660691003831056612
34566257072681730364
50230285658866060815
87688272234902525947
98572794365646384880
09325737134040682695
40762770267559787484
23731354349598151073
60118087172531070321
07670414242699863107
92951725464102678560
10173307457830364005
53163030588054454595
29091624707471732738
52228589290716920282
79005232724111143411
14058547374077849696
88632378701687488333
75805571792487687527
24297847839432532809
58004974372682637652
43303493989874165059
91538229477540251950
04572045927690903837
75858516624088101090
38939081337775692288
49833762404118571584
87003739256989536356
64637612795968609355
37954914638911184036
27375171301612374229
52248903459147097502
21938222219811456370
50706161290567949576
56522331484792904707
12051418240694426829
26128169884110791718
95637936279784204906
92174541899645957184
27180493437420003351
39170203345729769407
10582102947998505028
72563323671958829642
16464645657505072160
38660705083134461708
48020107278000447609
18770890376017598062
31637052973581834512
96897435968849419686
84755354351028346182
11470612447400769394
53519695087913378606
29770796184373123044
77062427569643290452
00181528861348725934
04183215488150215785
47618941674903058509
17262218234541996986
08278923915110978712
08206863681143559691
47750011010640046311
17345367601361494053
92853973164140461793
81432056810500458342
26832221077180184899
03025170502956713343
94951317849966665391
79219052216118405420
55822370156065695940
93509648720120667038
07912452531645858703
44584985343058714624
37995474779331969642
56406765092079254972
82810256813856054477
12807023164882894336
85385999858475058146
91703993979138290515
93829340913274743883
41889861847392287179
32338810400668488991
99284788256058948426
81578925533435485312
18744792651170042074
54249349166869305354
30234310105066543758
12336672206179769755
07116748357112424808
94888061506635270548
39252275902935218396
65540382740567738517
21442897145549645941
81149731002013685425
56082402111241945456
54975099769410792148
49125339174737251843
96876044190379422538
32178692025773697716
57229157373927588854
50723719493687918631
25880035386974880371
15731736734925859687
59297174437861136844
28552932436371970502
84553519076133010202
14173584463277621336
11802250614097216340
44102986099396844958
22101558228960379990
61213595581786091126
03965633439244263263
55287897294635097006
85576245156574020418
42541690333608560680
84498525105189778096
03713592341071667167
93608335503718353262
79818053988962800262
74912830750691383154
49055476562997788329
26419643803589872851
52062048951715130027
86883531754991530695
26875388014079366539
95436469549825762854
06420382258100726377
31479034001335829166
40647634841438005248
80313759152147894136
48002795129809947647
67478413490007399597
86021347291181060769
05333291527494174381
93298310196491791007
57818966467101056810
40315403660833293997
62000050756791845457
07649942816462308157
20913812882838416524
43693705844147703436
21216686532401847715
44749070001330254120
78400840117512431162
13323381554810242010
11568177885023516405
77823479242555680671
04507092982191821839
15116134597771967490
68890352810238042841
88246671945483179928
74375118040140945014
07566660620230922701
49056451086638925000
17727563373940164109
11071112634694519033
89098940584004025737
29294337329718870037
53996238711703751258
62121616588330490541
56570907971102765384
19373168568234979378
10928620549756088456
56461114991085106687
92501406640090441110
96456936918039534483
20973027046818941378
07173103756573587194
39092906602723431737
62835924617788453322
58454745765764929576
00894563119541885851
90465803614064642345
23060769880396277175
34391756791226696156
68618901108377849538
63439966262989979034
13634925942765804966
70400296853011094941
39616869202919522460
20720027100747455383
49853240143211656570
44595269608893984271
08567146396476247161
16208282669281498586
14029041926854758308
74418672329744246153
02406965655367744495
49347912534294446658
36005176758136788310
06129440800035575181
29032451597448843201
05280487976888251530
49699325623637050860
73877095346559389241
76811986756819954777
18575163936986395895
83624437370931365881
77586702866452067946
73211305001194260534
70239618747133739423
00831252037345651534
54630786681837249497
99183862973311081560
65931753874663068373
86359510695420455541
09380094031609599186
67563002517292543634
26839193872085693371
34816796201905557338
40838090980229907412
47480085497071677376
71658726135240891441
40904202900574348166
11514342425506520255
09345213533367420048
60380238716701425764
06131692077714127705
44192842332413083487
91192574443497357642
48979886666329835739
22308396988887370728
61243053266807264398
53238973457903738280
87559698920465584746
19603427037239043830
74751987244678603780
47471679759394550846
49337980063532113943
34912865751823788941
55562765704469261222
35987044886315631402
30054038533219417387
48665401027241623798
60864640765529015913
40173241118237676812
62454345823978690859
89640010659847789418
09077453911833153669
44508208825153387245
81257728270282607371
73423424296247621405
09484634705089197302
19441136728900109382
24152604202792265295
50152150327755921615
03167424189874261904
06675462442057538303
27499412115877473439
77590958059280654603
39785454654309762951
46043416944765533097
77072498911498108683
68296858601512839207
89336207071921510175
86191552850913426504
09753562498256579482
84082557072570766370
31303929534364041392
20769844012775477465
91377268359729588551
22953004023323610403
52892891430333432428
84703378436058977046
66745352716880660390
07898983366566366939
81351822107996693660
55183874840238416786
70757243202087653891
34885304424992132533
59795697406208722966
45747993677262644423
69147088461877190396
32356458889465611137
63519796381151215028
13176005401519749827
90715264071537847993
28988334295877112576
95369823341563532741
45850603707802523363
24532081260068938982
14628779383537926891
93251519391768641796
86805577546129035249
76848197604430551256
27789368984497977401
48145884102654038532
80242170030618162749
03369445211154702582
40399464433164728722
27596551838141015578
73420696320425789212
24808963178557790819
09475481223244259589
51945359800174676135
35034780370935243702
46074857534188675799
03252016003699344396
29625025149935769906
26132259731864268871
16324449936911618498
27441213917121280333
60886197841558798247
22682160262571950782
93695694875853216569
20631279499350910332
04949607199542325692
65951147100351521770
87363274385549708444
96467671386959077637
42251176533016915796
27280660657811438678
96351684654609396642
26407366892815869157
05884807067152271128
43512057492820317433
08344122840833863150
43659204851907037175
07534706838074094617
65018646275923718772
86778513442841591665
92645236025846571990
94962014235623562260
14729592133967143208
36541678654231089161
24902300683413591917
20437650132269392755
63952862033053950844
93540269229532048068
08788790095452738917
10131074589847815487
08283889955802002994
49643679684401570197
16832475661652743861
82448469654356251138
08557680054176098679
75950118888406192812
33061684382048006279
42351529670011271961
95850467924844967422
58259558567896596816
22983885440334031751
24457836727654975177
35806037100678935686
18159673929155283212
40372140063831365355
17456543661579483203
68272283138069074354
90905054780733635787
20758933180735939518
30889875395337881333
46398714789033852882
70084136933924133653
19438178004581279573
31026172776326558242
71040026194489776229
04739118746910579185
48148939610286998415
45707260862172855734
89099603368817543009
48253201257341644092
28162593470466327792
83999473776390528068
01097170949465490547
88429611498182424276
04440067371705881793
96455578500263400141
20341120112868347834
61812021644376248214
57905088012129171184
37457047447557349863
68514973195119512578
40471345742107875256
61324053816408031320
93024745477215495388
99497670471389765933
78144760867980079419
95202948816686266843
05402344515369444231
04702602198377502249
66854860268146501970
67159668997235967000
31042839567711120949
83838721468735532345
14950592274188897940
85308147661494614486
59455147664550472364
22396050913580137425
80526320717755952882
34672528825643335136
70628026887725711698
36687238588880560794
86007710492680446897
28682309741645994362
68798057916684606830
37619869686283938061
03968192952659884014
71938257804563860480
88431809760125787153
21597507033826623633
87495788725352201603
58619521731747608836
76164719300805748592
73697699022833929961
54911577896893377470
28297962122404599613
01824215324528987567
99815205534173153704
56915675406609344582
11158676186521182351
61742361751467571437
94922771945210364977
50116071066309115264
04706911233730843015
17737749994762310632
94137962944068197554
65122319903952600403
32912325080533988923
20795731329688260502
80267110143715000794
19951137162264310918
64059843368889536002
42765335850392727316
40222189990100550378
43048380755316422848
44047396796996836638
17623403980042047085
64560224762093890960
18746263300512561950
